relative_path	artifact_type	evidence_role	retention_decision	files	bytes	slx_count	text_reference_files_at_initial_scan	text_reference_paths_at_initial_scan	saved_status_records_not_revalidation	inventory_date
tmp/compare_steady_model_variants_api.m	工装脚本或依赖	工装脚本或依赖	保留实现；执行前按当前任务核对输入	1	2390	0	0			2026-09-07
tmp/downstream_energy_budget_20260906	离线核查或状态证据	2026-09-06诊断支撑；见同主题报告	保留；未记录仿真成功不等于物理模型失败	6	104663	0	1	docs/2026-09-06-downstream-energy-budget.md		2026-09-07
tmp/fig519-mainline-preflight.LqgWEk	模型副本及实验记录	模型副本及实验记录	保留；按模型身份和对应报告复用，不默认晋升	2	1472049	1	1	docs/model_inventory.tsv		2026-09-07
tmp/fig519_contract_tests	离线核查或状态证据	离线核查或状态证据	保留；未记录仿真成功不等于物理模型失败	43	3875720	0	0			2026-09-07
tmp/fig519_initialization_20260831_A1	离线核查或状态证据	离线核查或状态证据	保留；未记录仿真成功不等于物理模型失败	3	479833	0	9	docs/superpowers/plans/2026-08-31-steady53-radiator-freeze-fig519.md | tests/run_fig519_reactor_ic_counterfactual.m | tests/audit_fig519_initialization.m | tests/test_publish_fig519_initialization.py | tests/analyze_fig519_baseline.py | tests/test_audit_fig519_initialization.m | tests/publish_fig519_initialization.py | data/provenance/steady53/fig5_19/initialization_audit.json | data/provenance/steady53/fig5_19/manifest.csv		2026-09-07
tmp/fig519_initialization_20260831_A1_invalid_root_shadow_20260831	离线核查或状态证据	离线核查或状态证据	保留；未记录仿真成功不等于物理模型失败	2	351043	0	0			2026-09-07
tmp/fig519_initialization_20260831_A1_review_rebuild	空工装目录	空工装目录	保留目录身份；无文件，不占实质数据空间	0	0	0	0			2026-09-07
tmp/fig519_initialization_review3_fixedraw	离线核查或状态证据	离线核查或状态证据	保留；未记录仿真成功不等于物理模型失败	1	121822	0	0			2026-09-07
tmp/fig519_initialization_review3_outports	离线核查或状态证据	离线核查或状态证据	保留；未记录仿真成功不等于物理模型失败	1	135360	0	0			2026-09-07
tmp/fig519_reactor_ic_20260831_A1	模型副本及实验记录	模型副本及实验记录	保留；按模型身份和对应报告复用，不默认晋升	4	661390	1	8	docs/model_inventory.tsv | docs/superpowers/plans/2026-08-31-steady53-radiator-freeze-fig519.md | tests/prepare_fig519_reactor_ic_a2.py | tests/test_fig519_counterfactual.py | tests/test_prepare_fig519_reactor_ic_a2.py | tests/analyze_fig519_counterfactual.py | data/provenance/steady53/fig5_19/manifest.csv | data/provenance/steady53/fig5_19/reactor_ic_counterfactual.json		2026-09-07
tmp/fig519_reactor_ic_20260901_A2	模型副本及实验记录	模型副本及实验记录	保留；按模型身份和对应报告复用，不默认晋升	8	1040242	1	8	docs/model_inventory.tsv | docs/superpowers/plans/2026-09-01-ihx-r2-hexe-shift-a3.md | tests/prepare_fig519_reactor_ic_a2.py | tests/test_fig519_counterfactual.py | tests/test_prepare_fig519_reactor_ic_a2.py | tests/analyze_fig519_counterfactual.py | data/provenance/steady53/fig5_19/manifest.csv | data/provenance/steady53/fig5_19/reactor_ic_counterfactual.json	tmp/fig519_reactor_ic_20260901_A2/run/run_status.json: success=未记录	2026-09-07
tmp/fig519_reactor_ic_20260901_A2_command_capture	离线核查或状态证据	离线核查或状态证据	保留；未记录仿真成功不等于物理模型失败	14	90226	0	5	tests/prepare_fig519_reactor_ic_a2.py | tests/test_fig519_counterfactual.py | tests/analyze_fig519_counterfactual.py | data/provenance/steady53/fig5_19/manifest.csv | data/provenance/steady53/fig5_19/reactor_ic_counterfactual.json		2026-09-07
tmp/fig519_reactor_ic_20260901_A2_execution_spool	文本、日志或渲染材料	文本、日志或渲染材料	保留历史记录，不根据缺少外部引用删除	7	1764	0	2	tests/prepare_fig519_reactor_ic_a2.py | tests/test_prepare_fig519_reactor_ic_a2.py		2026-09-07
tmp/fixed_protocol_prefix_20260906	模型副本及实验记录	当前短程对照；保留	保留；按模型身份和对应报告复用，不默认晋升	173	14453852	2	4	docs/model_inventory.tsv | docs/STATUS.md | docs/README.md | docs/2026-09-06-fixed-protocol-prefix-check.md	tmp/fixed_protocol_prefix_20260906/run_500/status.json: success=True | tmp/fixed_protocol_prefix_20260906/run_1000/status.json: success=True	2026-09-07
tmp/flow_alignment_diagnostic_20260906	离线核查或状态证据	2026-09-06诊断支撑；见同主题报告	保留；未记录仿真成功不等于物理模型失败	4	164352	0	1	docs/2026-09-06-flow-alignment-diagnostic.md		2026-09-07
tmp/hexe_source_7Iqt3c	文本、日志或渲染材料	文本、日志或渲染材料	保留历史记录，不根据缺少外部引用删除	1	136974	0	1	tests/verify_steady53_hexe_path_integrability.py		2026-09-07
tmp/ihx_endpoint_reference_djr3cwr0	离线核查或状态证据	离线核查或状态证据	保留；未记录仿真成功不等于物理模型失败	4	5464236	0	1	docs/steady53_curve_recheck_20260828.md		2026-09-07
tmp/ihx_endpoint_reference_qthcy_hv	离线核查或状态证据	离线核查或状态证据	保留；未记录仿真成功不等于物理模型失败	2	144519	0	0			2026-09-07
tmp/ihx_equation_source_n1I14d	文本、日志或渲染材料	文本、日志或渲染材料	保留历史记录，不根据缺少外部引用删除	5	1281593	0	2	docs/steady53_curve_recheck_20260828.md | tests/audit_ihx_geometry_identifiability.py		2026-09-07
tmp/ihx_geometry_audit_f4tdkkmr	离线核查或状态证据	离线核查或状态证据	保留；未记录仿真成功不等于物理模型失败	1	8902	0	1	docs/steady53_curve_recheck_20260828.md		2026-09-07
tmp/ihx_geometry_audit_lak6v9jr	离线核查或状态证据	离线核查或状态证据	保留；未记录仿真成功不等于物理模型失败	1	6121	0	1	docs/steady53_curve_recheck_20260828.md		2026-09-07
tmp/ihx_geometry_audit_ouf4irke	离线核查或状态证据	离线核查或状态证据	保留；未记录仿真成功不等于物理模型失败	1	5315	0	1	docs/steady53_curve_recheck_20260828.md		2026-09-07
tmp/ihx_geometry_source_wotvtW	文本、日志或渲染材料	文本、日志或渲染材料	保留历史记录，不根据缺少外部引用删除	5	1249916	0	2	docs/steady53_curve_recheck_20260828.md | tests/verify_steady53_hexe_path_integrability.py		2026-09-07
tmp/ihx_h_origin___i79h93	离线核查或状态证据	离线核查或状态证据	保留；未记录仿真成功不等于物理模型失败	2	13967	0	1	docs/steady53_curve_recheck_20260828.md		2026-09-07
tmp/ihx_nu_boundary_cGgP81	空工装目录	空工装目录	保留目录身份；无文件，不占实质数据空间	0	0	0	0			2026-09-07
tmp/ihx_wall_audit_cpgi40zq	离线核查或状态证据	离线核查或状态证据	保留；未记录仿真成功不等于物理模型失败	4	2093493	0	2	docs/2026-09-02-steady53-rootcause-evidence-matrix.md | docs/steady53_curve_recheck_20260828.md		2026-09-07
tmp/ihx_wall_audit_gm51hy41	空工装目录	空工装目录	保留目录身份；无文件，不占实质数据空间	0	0	0	0			2026-09-07
tmp/ihx_wall_interface_1rwgchcn	离线核查或状态证据	离线核查或状态证据	保留；未记录仿真成功不等于物理模型失败	1	5749	0	1	docs/steady53_curve_recheck_20260828.md		2026-09-07
tmp/ihx_wall_interface_9g4kys0d	离线核查或状态证据	离线核查或状态证据	保留；未记录仿真成功不等于物理模型失败	1	6598	0	1	docs/steady53_curve_recheck_20260828.md		2026-09-07
tmp/instruction_revision_20260906	离线核查或状态证据	2026-09-06诊断支撑；见同主题报告	保留；未记录仿真成功不等于物理模型失败	41	471016	0	1	docs/2026-09-06-instruction-revision.md		2026-09-07
tmp/li_source_power_definition_20260906	文献来源及提取资料	2026-09-06诊断支撑；见同主题报告	保留出处；见文献清单	21	3340142	0	1	docs/2026-09-06-li-property-and-power-definitions.md		2026-09-07
tmp/lineage_contract_debug_01	模型副本及实验记录	模型副本及实验记录	保留；按模型身份和对应报告复用，不默认晋升	3	3071754	1	1	docs/model_inventory.tsv		2026-09-07
tmp/map_paper_inspect_20260902	文本、日志或渲染材料	文本、日志或渲染材料	保留历史记录，不根据缺少外部引用删除	7	2315306	0	0			2026-09-07
tmp/map_paper_native_20260902	文本、日志或渲染材料	文本、日志或渲染材料	保留历史记录，不根据缺少外部引用删除	8	3132205	0	0			2026-09-07
tmp/map_slx_inspect_20260902	文本、日志或渲染材料	文本、日志或渲染材料	保留历史记录，不根据缺少外部引用删除	2	614689	0	0			2026-09-07
tmp/nak_enthalpy_0dmtnO	模型副本及实验记录	历史NaK工装失败；保留失败证据	保留；按模型身份和对应报告复用，不默认晋升	2	617390	1	3	docs/model_inventory.tsv | docs/README.md | docs/steady53_curve_recheck_20260828.md		2026-09-07
tmp/nak_enthalpy_ORtGWO	模型副本及实验记录	历史NaK候选；使用前复核版本	保留；按模型身份和对应报告复用，不默认晋升	170	17224470	1	4	docs/model_inventory.tsv | docs/STATUS.md | docs/README.md | docs/steady53_curve_recheck_20260828.md	tmp/nak_enthalpy_ORtGWO/candidate_14000/status.json: success=True | tmp/nak_enthalpy_ORtGWO/candidate_500/status.json: success=True	2026-09-07
tmp/nak_provenance_20260829	文献来源及提取资料	文献来源及提取资料	保留出处；见文献清单	11	6686347	0	1	tests/verify_nak_property_provenance.py		2026-09-07
tmp/nak_triplet_audit_20260829	离线核查或状态证据	离线核查或状态证据	保留；未记录仿真成功不等于物理模型失败	1	5257	0	1	docs/steady53_curve_recheck_20260828.md		2026-09-07
tmp/nak_triplet_provenance_20260829_yihN9W	离线核查或状态证据	离线核查或状态证据	保留；未记录仿真成功不等于物理模型失败	315	16013203	0	1	tests/audit_nak_triplet_and_radiator_provenance.py		2026-09-07
tmp/pdfs	文本、日志或渲染材料	文本、日志或渲染材料	保留历史记录，不根据缺少外部引用删除	40	11463245	0	3	docs/restart_class3_candidates_20260824.md | docs/restart_file_classification_20260824.tsv | docs/restart_baseline_audit_20260824.md		2026-09-07
tmp/precooler_boundary_6I97Di	文本、日志或渲染材料	文本、日志或渲染材料	保留历史记录，不根据缺少外部引用删除	1	0	0	1	docs/steady53_curve_recheck_20260828.md		2026-09-07
tmp/precooler_boundary_kd0F3a	模型副本及实验记录	模型副本及实验记录	保留；按模型身份和对应报告复用，不默认晋升	103	2912984	1	4	docs/2026-09-02-steady53-rootcause-evidence-matrix.md | docs/model_inventory.tsv | docs/steady53_curve_recheck_20260828.md | tests/patch_nak_enthalpy_candidate.m		2026-09-07
tmp/precooler_boundary_koK1sm	模型副本及实验记录	模型副本及实验记录	保留；按模型身份和对应报告复用，不默认晋升	2	197599	1	2	docs/model_inventory.tsv | docs/steady53_curve_recheck_20260828.md		2026-09-07
tmp/pressure_basis_r0Vlh9	离线核查或状态证据	离线核查或状态证据	保留；未记录仿真成功不等于物理模型失败	7	1332597	0	1	docs/steady53_curve_recheck_20260828.md		2026-09-07
tmp/pressure_chain_1l2mJo	离线核查或状态证据	离线核查或状态证据	保留；未记录仿真成功不等于物理模型失败	6	231604	0	2	docs/steady53_curve_recheck_20260828.md | tests/verify_pressure_chain.py		2026-09-07
tmp/pressure_chain_4chhD5	离线核查或状态证据	离线核查或状态证据	保留；未记录仿真成功不等于物理模型失败	8	365052	0	2	docs/steady53_curve_recheck_20260828.md | tests/compare_pressure_closure_cases.py		2026-09-07
tmp/pressure_closure_4FKFZS	模型副本及实验记录	模型副本及实验记录	保留；按模型身份和对应报告复用，不默认晋升	352	29860908	1	7	docs/model_inventory.tsv | docs/steady53_curve_recheck_20260828.md | tests/patch_pressure_algebraic_candidate.m | tests/pressure_closure_plan_20260829.md | tests/check_nak_loop_energy.py | tests/run_precooler_boundary_diagnostic.m | tests/compare_nak_enthalpy_candidate.py	tmp/pressure_closure_4FKFZS/reference_14000/status.json: success=True | tmp/pressure_closure_4FKFZS/candidate_14000/status.json: success=True | tmp/pressure_closure_4FKFZS/reference_500/status.json: success=True | tmp/pressure_closure_4FKFZS/candidate_500/status.json: success=True	2026-09-07
tmp/radiator_A1_20260830_A1	模型副本及实验记录	模型副本及实验记录	保留；按模型身份和对应报告复用，不默认晋升	43	10891829	11	2	docs/model_inventory.tsv | docs/superpowers/plans/2026-08-30-radiator-a1-staged-parameter-envelope.md		2026-09-07
tmp/radiator_A1_20260830_A2	模型副本及实验记录	模型副本及实验记录	保留；按模型身份和对应报告复用，不默认晋升	613	88095151	11	7	docs/model_inventory.tsv | docs/superpowers/plans/2026-08-31-steady53-radiator-freeze-fig519.md | tests/publish_fig518d_evidence.py | data/provenance/steady53/fig5_18d/manifest.csv | data/provenance/steady53/fig5_18d/a1_summary/batch_14000_summary.json | data/provenance/steady53/fig5_18d/a1_summary/batch_500_summary.json | data/provenance/steady53/fig5_18d/a1_summary/preparation_summary.json		2026-09-07
tmp/radiator_A1_recovery_gate_20260831	离线核查或状态证据	离线核查或状态证据	保留；未记录仿真成功不等于物理模型失败	18	105457	0	2	docs/cleanup_recovery_audit_20260831.md | docs/superpowers/plans/2026-08-31-cleanup-loss-recovery.md		2026-09-07
tmp/radiator_candidate_family_20260829_U4e8VF	离线核查或状态证据	离线核查或状态证据	保留；未记录仿真成功不等于物理模型失败	6	19621	0	1	docs/steady53_curve_recheck_20260828.md		2026-09-07
tmp/radiator_candidate_family_Ail2oe	离线核查或状态证据	离线核查或状态证据	保留；未记录仿真成功不等于物理模型失败	6	125244	0	0			2026-09-07
tmp/radiator_energy_20260828_4h43akj9	离线核查或状态证据	离线核查或状态证据	保留；未记录仿真成功不等于物理模型失败	2	10712	0	0			2026-09-07
tmp/radiator_energy_20260828_5y2zi3p_	离线核查或状态证据	离线核查或状态证据	保留；未记录仿真成功不等于物理模型失败	2	10712	0	0			2026-09-07
tmp/radiator_energy_20260828_92x9n__4	离线核查或状态证据	离线核查或状态证据	保留；未记录仿真成功不等于物理模型失败	2	10712	0	0			2026-09-07
tmp/radiator_energy_20260828_b64f2z6g	离线核查或状态证据	离线核查或状态证据	保留；未记录仿真成功不等于物理模型失败	2	10712	0	0			2026-09-07
tmp/radiator_energy_20260828_bsszz3pj	离线核查或状态证据	离线核查或状态证据	保留；未记录仿真成功不等于物理模型失败	2	10839	0	1	docs/steady53_curve_recheck_20260828.md		2026-09-07
tmp/radiator_energy_20260828_buvhhy48	离线核查或状态证据	离线核查或状态证据	保留；未记录仿真成功不等于物理模型失败	2	10712	0	0			2026-09-07
tmp/radiator_energy_20260828_d82kloev	离线核查或状态证据	离线核查或状态证据	保留；未记录仿真成功不等于物理模型失败	2	10712	0	0			2026-09-07
tmp/radiator_energy_20260828_hf57cj8k	离线核查或状态证据	离线核查或状态证据	保留；未记录仿真成功不等于物理模型失败	2	10712	0	0			2026-09-07
tmp/radiator_energy_20260828_m5uk2qyk	离线核查或状态证据	离线核查或状态证据	保留；未记录仿真成功不等于物理模型失败	2	10712	0	0			2026-09-07
tmp/radiator_energy_20260828_rmm5o6ij	离线核查或状态证据	离线核查或状态证据	保留；未记录仿真成功不等于物理模型失败	2	10712	0	0			2026-09-07
tmp/radiator_energy_20260828_u70b3qqb	离线核查或状态证据	离线核查或状态证据	保留；未记录仿真成功不等于物理模型失败	2	10712	0	0			2026-09-07
tmp/radiator_energy_20260828_w9elthzp	离线核查或状态证据	离线核查或状态证据	保留；未记录仿真成功不等于物理模型失败	2	10712	0	0			2026-09-07
tmp/radiator_family_20260828_3p8wp_8v	离线核查或状态证据	离线核查或状态证据	保留；未记录仿真成功不等于物理模型失败	2	6490	0	0			2026-09-07
tmp/radiator_family_20260828_4sj7q4j5	离线核查或状态证据	离线核查或状态证据	保留；未记录仿真成功不等于物理模型失败	2	6490	0	0			2026-09-07
tmp/radiator_family_20260828_4vrf_fz0	离线核查或状态证据	离线核查或状态证据	保留；未记录仿真成功不等于物理模型失败	2	6490	0	0			2026-09-07
tmp/radiator_family_20260828_7b8_spz7	离线核查或状态证据	离线核查或状态证据	保留；未记录仿真成功不等于物理模型失败	2	6490	0	0			2026-09-07
tmp/radiator_family_20260828_9e92l391	离线核查或状态证据	离线核查或状态证据	保留；未记录仿真成功不等于物理模型失败	2	6490	0	0			2026-09-07
tmp/radiator_family_20260828_dl6q95dw	离线核查或状态证据	离线核查或状态证据	保留；未记录仿真成功不等于物理模型失败	2	6490	0	0			2026-09-07
tmp/radiator_family_20260828_m8w32dsn	离线核查或状态证据	离线核查或状态证据	保留；未记录仿真成功不等于物理模型失败	2	6490	0	0			2026-09-07
tmp/radiator_family_20260828_o1wz9v92	离线核查或状态证据	离线核查或状态证据	保留；未记录仿真成功不等于物理模型失败	2	6490	0	0			2026-09-07
tmp/radiator_family_20260828_tk5z3ljr	离线核查或状态证据	离线核查或状态证据	保留；未记录仿真成功不等于物理模型失败	3	78130	0	1	docs/steady53_curve_recheck_20260828.md		2026-09-07
tmp/radiator_family_20260828_vd3azl3i	离线核查或状态证据	离线核查或状态证据	保留；未记录仿真成功不等于物理模型失败	2	6490	0	0			2026-09-07
tmp/radiator_family_20260828_vkfgq9tp	离线核查或状态证据	离线核查或状态证据	保留；未记录仿真成功不等于物理模型失败	2	6490	0	0			2026-09-07
tmp/radiator_family_20260828_xrml81bs	离线核查或状态证据	离线核查或状态证据	保留；未记录仿真成功不等于物理模型失败	2	6490	0	0			2026-09-07
tmp/radiator_source_chain_20260829	文本、日志或渲染材料	文本、日志或渲染材料	保留历史记录，不根据缺少外部引用删除	82	34083416	0	0			2026-09-07
tmp/radiator_source_chain_audit_20260829	离线核查或状态证据	离线核查或状态证据	保留；未记录仿真成功不等于物理模型失败	1	1880	0	1	docs/steady53_curve_recheck_20260828.md		2026-09-07
tmp/radiator_source_chain_audit_20260829_v2	离线核查或状态证据	离线核查或状态证据	保留；未记录仿真成功不等于物理模型失败	1	1880	0	1	docs/steady53_curve_recheck_20260828.md		2026-09-07
tmp/radiator_source_chain_plan_4nntVh	离线核查或状态证据	离线核查或状态证据	保留；未记录仿真成功不等于物理模型失败	1	1880	0	0			2026-09-07
tmp/radiator_two_state_feasibility_20260902_A	离线核查或状态证据	离线核查或状态证据	保留；未记录仿真成功不等于物理模型失败	9	23825	0	2	docs/superpowers/plans/2026-09-02-radiator-two-state-feasibility.md | data/provenance/steady53/fig5_18d/two_state_feasibility/manifest.json		2026-09-07
tmp/reactor_coefficient_check_20260905	模型副本及实验记录	模型副本及实验记录	保留；按模型身份和对应报告复用，不默认晋升	25	7252532	2	3	docs/model_inventory.tsv | docs/2026-09-06-reactor-feedback-local-check.md | docs/2026-09-06-reactor-coefficient-local-check.md		2026-09-07
tmp/reactor_energy_closure_20260906	离线核查或状态证据	2026-09-06诊断支撑；见同主题报告	保留；未记录仿真成功不等于物理模型失败	2	5504	0	1	docs/2026-09-06-reactor-energy-closure-scope.md		2026-09-07
tmp/reactor_feedback_local_20260906	模型副本及实验记录	2026-09-06诊断支撑；见同主题报告	保留；按模型身份和对应报告复用，不默认晋升	18	2969235	1	2	docs/model_inventory.tsv | docs/2026-09-06-reactor-feedback-local-check.md		2026-09-07
tmp/reactor_ihx_transient_budget_20260906	离线核查或状态证据	2026-09-06诊断支撑；见同主题报告	保留；未记录仿真成功不等于物理模型失败	5	235159	0	1	docs/2026-09-06-reactor-ihx-transient-budget.md		2026-09-07
tmp/reactor_parameter_provenance_20260906	离线核查或状态证据	2026-09-06诊断支撑；见同主题报告	保留；未记录仿真成功不等于物理模型失败	20	3637026	0	2	docs/2026-09-06-reactor-thermal-constraints.md | docs/2026-09-06-reactor-parameter-provenance.md		2026-09-07
tmp/reactor_shared_heat_20260906	模型副本及实验记录	最新反应堆探索候选；保留	保留；按模型身份和对应报告复用，不默认晋升	95	10956054	1	4	docs/2026-09-06-reactor-shared-heat-candidate.md | docs/model_inventory.tsv | docs/STATUS.md | docs/README.md	tmp/reactor_shared_heat_20260906/run_500/status.json: success=True	2026-09-07
tmp/reactor_thermal_constraints_20260906	离线核查或状态证据	2026-09-06诊断支撑；见同主题报告	保留；未记录仿真成功不等于物理模型失败	7	606665	0	1	docs/2026-09-06-reactor-thermal-constraints.md		2026-09-07
tmp/readonly_energy_diagnostic_20260905	离线核查或状态证据	当前14000秒诊断导出；保留	保留；未记录仿真成功不等于物理模型失败	18	1863032	0	1	docs/2026-09-05-steady14000-readonly-energy-diagnostic.md		2026-09-07
tmp/recovered_turbine_package_20260902	模型副本及实验记录	恢复的原始程序包；保持原貌	保留；按模型身份和对应报告复用，不默认晋升	18	332414	1	1	docs/model_inventory.tsv		2026-09-07
tmp/recovery_turbine_docx_20260902	文献来源及提取资料	文献来源及提取资料	保留出处；见文献清单	15	3070658	0	0			2026-09-07
tmp/ref162_20260902	文本、日志或渲染材料	文本、日志或渲染材料	保留历史记录，不根据缺少外部引用删除	2	337831	0	0			2026-09-07
tmp/sampling_origin_20260906	模型副本及实验记录	2026-09-06诊断支撑；见同主题报告	保留；按模型身份和对应报告复用，不默认晋升	6	627975	1	2	docs/model_inventory.tsv | docs/2026-09-06-sampling-stop-time-coupling.md		2026-09-07
tmp/steady-history.ktmOjz	模型副本及实验记录	模型副本及实验记录	保留；按模型身份和对应报告复用，不默认晋升	3	1861381	3	1	docs/model_inventory.tsv		2026-09-07
tmp/steady-model-api-compare-20260901	离线核查或状态证据	离线核查或状态证据	保留；未记录仿真成功不等于物理模型失败	2	2454944	0	0			2026-09-07
tmp/steady53	空工装目录	空工装目录	保留目录身份；无文件，不占实质数据空间	0	0	0	144	docs/2026-09-01-steady53-lineage-merge-result.md | docs/2026-09-06-reactor-thermal-constraints.md | docs/2026-09-02-steady53-rootcause-evidence-matrix.md | docs/model_inventory.tsv | docs/STATUS.md | docs/2026-09-06-reactor-feedback-local-check.md | docs/2026-09-06-whole-chain-readonly-budget.md | docs/2026-09-06-reactor-coefficient-local-check.md | docs/README.md | docs/2026-09-02-rotating-machinery-map-rootcause.md | docs/cleanup_recovery_audit_20260831.md | docs/2026-09-06-flow-alignment-diagnostic.md | docs/steady53_fig519_progress_20260831.md | docs/2026-09-05-steady14000-readonly-energy-diagnostic.md | docs/steady53_curve_recheck_20260828.md | docs/superpowers/plans/2026-09-02-radiator-two-state-feasibility.md | docs/superpowers/plans/2026-08-31-steady53-radiator-freeze-fig519.md | docs/superpowers/plans/2026-08-31-cleanup-loss-recovery.md | docs/superpowers/plans/2026-08-29-radiator-source-constrained-candidate-family.md | docs/superpowers/plans/2026-09-01-steady53-baseline-lineage-merge-diagnostic.md | docs/superpowers/plans/2026-08-30-radiator-a1-staged-parameter-envelope.md | docs/superpowers/plans/2026-09-02-fig518d-native-v2-digitization.md | docs/superpowers/plans/2026-09-01-ihx-r2-hexe-shift-a3.md | docs/superpowers/plans/2026-09-02-rotating-map-controlled-candidate.md | docs/superpowers/plans/2026-09-01-a3-capture-dependency-closure.md | docs/superpowers/plans/2026-08-24-steady53-14000s-implementation.md | docs/superpowers/specs/2026-09-01-ihx-r2-hexe-shift-a3-design.md | docs/superpowers/specs/2026-09-02-fig518d-native-v2-digitization-design.md | docs/superpowers/specs/2026-08-31-cleanup-loss-recovery-design.md | docs/superpowers/specs/2026-08-31-steady53-radiator-freeze-fig519-design.md | docs/superpowers/specs/2026-09-01-steady53-baseline-lineage-merge-diagnostic-design.md | docs/superpowers/specs/2026-08-30-radiator-a1-staged-parameter-envelope-design.md | docs/superpowers/specs/2026-09-02-rotating-map-controlled-candidate-design.md | docs/superpowers/specs/2026-08-24-steady53-14000s-design.md | docs/superpowers/specs/2026-09-02-radiator-two-state-feasibility-design.md | docs/superpowers/specs/2026-09-01-a3-capture-dependency-closure-design.md | docs/superpowers/specs/2026-08-29-radiator-source-constrained-candidate-family-design.md | tests/test_fig518d_durable_paths.py | tests/radiator_two_state_contract.py | tests/run_fig519_reactor_ic_counterfactual.m | tests/check_ihx_equation_origin.py | tests/verify_steady53_power_definitions.m | tests/verify_steady53_energy_sources.py | tests/check_steady53_hexe_path_integrability.m | tests/run_fig519_ihx_r2_hexe_shift.m | tests/run_reactor_li_enthalpy_candidate.m | tests/test_publish_f8bcd83_runtime.py | tests/digitize_fig519.py | tests/audit_fig519_initialization.m | tests/verify_nak_property_provenance.py | tests/audit_tac_power_sources.m | tests/run_reactor_ha_whole_system.m | tests/audit_map_coordinate_provenance.m | tests/prepare_fig519_reactor_ic_a2.py | tests/test_create_component_harness_lifecycle.m | tests/run_ihx_initial_state_diagnostic.m | tests/run_ihx_uniform_step_check.m | tests/radiator_a1_contract.py | tests/check_reactor_li_enthalpy_candidate.py | tests/check_nak_enthalpy_candidate.py | tests/test_analyze_steady53_lineage_merge.py | tests/test_publish_fig518d_evidence.py | tests/nak_enthalpy_candidate_plan_20260829.md | tests/test_fig519_end_to_end_contract.py | tests/reactor_li_enthalpy_outlet.m | tests/publish_f8bcd83_runtime.py | tests/test_publish_fig519_initialization.py | tests/check_reactor_ha_whole_system.py | tests/check_steady53_scheme_a_four_paths.m | tests/run_radiator_a1_candidate.m | tests/test_run_fig519_ihx_r2_hexe_shift.m | tests/test_create_fig519_ihx_r2_hexe_shift_candidate.m | tests/radiator_curve_energy_check.py | tests/create_fig519_ihx_r2_hexe_shift_candidate.m | tests/run_nak_enthalpy_candidate.m | tests/audit_steady53_power_definitions.py | tests/test_fig519_counterfactual.py | tests/pressure_closure_plan_20260829.md | tests/run_ihx_mean_state_diagnostic.m | tests/run_reactor_ha_consistency.m | tests/run_steady53_lineage_merge_diagnostic.m | tests/run_ihx_local_hot_candidate.m | tests/test_digitize_fig519.py | tests/verify_map_coordinate_provenance.py | tests/publish_fig518a_anchor_evidence.py | tests/check_nak_loop_energy.py | tests/create_fig519_reactor_ic_candidate.m | tests/analyze_steady53_lineage_merge.py | tests/audit_pressure_chain.m | tests/test_radiator_a1_contract.py | tests/test_publish_fig518a_anchor_evidence.py | tests/analyze_radiator_a1_run.py | tests/verify_steady53_hexe_path_integrability.py | tests/audit_ihx_equation_origin.m | tests/publish_fig518d_evidence.py | tests/analyze_fig519_baseline.py | tests/audit_steady53_energy_sources.m | tests/verify_nak_enthalpy_structure.py | tests/analyze_ihx_local_hot_candidate.py | tests/test_analyze_fig519_baseline.py | tests/analyze_ihx_initial_state.py | tests/check_ihx_boundary_energy.m | tests/test_fig519_ihx_r2_hexe_contract.py | tests/run_pressure_closure_case.m | tests/create_steady53_lineage_merge_candidate.m | tests/publish_fig519_initialization.py | tests/analyze_fig519_ihx_r2_hexe_shift.py | tests/test_run_rotating_map_candidate_batch.m | tests/run_precooler_boundary_diagnostic.m | tests/analyze_ihx_mean_state_diagnostic.py | tests/test_create_steady53_lineage_merge_candidate.m | tests/test_prepare_fig519_reactor_ic_a2.py | tests/prepare_radiator_a1_candidates.m | tests/audit_nak_triplet_and_radiator_provenance.py | tests/audit_ihx_geometry_identifiability.py | tests/analyze_ihx_wall_storage.py | tests/analyze_fig519_counterfactual.py | tests/verify_tac_power_sources.py | tests/test_reactor_li_enthalpy_outlet.m | tests/run_rotating_map_candidate_batch.m | tests/steady53/steady53_component_boundaries.m | tests/steady53/steady53_signal_manifest.m | tests/steady53/create_component_harness.m | tests/steady53/reset_steady53_property_warning_state.m | tests/steady53/run_steady53_case.m | data/provenance/steady53/baseline_lineage_behavior_diff_README.md | data/provenance/steady53/fig5_19/initialization_audit.json | data/provenance/steady53/fig5_19/README.md | data/provenance/steady53/fig5_19/manifest.csv | data/provenance/steady53/fig5_19/reactor_ic_counterfactual.json | data/provenance/steady53/fig5_18d/manifest.csv | data/provenance/steady53/fig5_18d/paper_curve/provenance.json | data/provenance/steady53/fig5_18d/two_state_feasibility/source_hashes.json | data/provenance/steady53/fig5_18d/two_state_feasibility/verification.json | data/provenance/steady53/fig5_18d/a1_summary/source_contract.json | data/provenance/steady53/fig5_18a/provenance.json | data/provenance/baselines/f8bcd83/README.md | data/provenance/baselines/f8bcd83/baseline_manifest.csv | data/provenance/baselines/f8bcd83/protected_manifest_recovery.csv | data/provenance/baselines/f8bcd83/runtime/tests/steady53/steady53_component_boundaries.m | data/provenance/baselines/f8bcd83/runtime/tests/steady53/steady53_signal_manifest.m | data/provenance/baselines/f8bcd83/runtime/tests/steady53/create_component_harness.m | data/provenance/baselines/f8bcd83/runtime/tests/steady53/reset_steady53_property_warning_state.m | data/provenance/baselines/f8bcd83/runtime/tests/steady53/run_steady53_case.m		2026-09-07
tmp/steady53_curves_20260828	模型副本及实验记录	历史实验与被旧脚本引用的源快照；保留	保留；按模型身份和对应报告复用，不默认晋升	270	52055187	21	53	docs/model_inventory.tsv | docs/cleanup_recovery_audit_20260831.md | docs/steady53_curve_recheck_20260828.md | docs/superpowers/plans/2026-08-31-steady53-radiator-freeze-fig519.md | docs/superpowers/plans/2026-08-31-cleanup-loss-recovery.md | docs/superpowers/plans/2026-08-29-radiator-source-constrained-candidate-family.md | docs/superpowers/plans/2026-08-30-radiator-a1-staged-parameter-envelope.md | docs/superpowers/specs/2026-08-31-cleanup-loss-recovery-design.md | docs/superpowers/specs/2026-08-30-radiator-a1-staged-parameter-envelope-design.md | tests/test_fig518d_durable_paths.py | tests/verify_steady53_power_definitions.m | tests/verify_steady53_energy_sources.py | tests/check_steady53_hexe_path_integrability.m | tests/run_reactor_li_enthalpy_candidate.m | tests/verify_nak_property_provenance.py | tests/audit_tac_power_sources.m | tests/run_reactor_ha_whole_system.m | tests/audit_map_coordinate_provenance.m | tests/run_ihx_initial_state_diagnostic.m | tests/run_ihx_uniform_step_check.m | tests/check_reactor_li_enthalpy_candidate.py | tests/check_nak_enthalpy_candidate.py | tests/nak_enthalpy_candidate_plan_20260829.md | tests/publish_f8bcd83_runtime.py | tests/check_reactor_ha_whole_system.py | tests/check_steady53_scheme_a_four_paths.m | tests/run_nak_enthalpy_candidate.m | tests/audit_steady53_power_definitions.py | tests/run_ihx_mean_state_diagnostic.m | tests/run_reactor_ha_consistency.m | tests/run_ihx_local_hot_candidate.m | tests/verify_map_coordinate_provenance.py | tests/check_nak_loop_energy.py | tests/audit_pressure_chain.m | tests/analyze_radiator_a1_run.py | tests/audit_ihx_equation_origin.m | tests/publish_fig518d_evidence.py | tests/analyze_fig519_baseline.py | tests/audit_steady53_energy_sources.m | tests/verify_nak_enthalpy_structure.py | tests/test_analyze_fig519_baseline.py | tests/analyze_ihx_initial_state.py | tests/check_ihx_boundary_energy.m | tests/run_pressure_closure_case.m | tests/run_precooler_boundary_diagnostic.m | tests/audit_nak_triplet_and_radiator_provenance.py | tests/audit_ihx_geometry_identifiability.py | tests/analyze_ihx_wall_storage.py | tests/test_reactor_li_enthalpy_outlet.m | data/provenance/steady53/fig5_19/reactor_ic_counterfactual.json | data/provenance/steady53/fig5_18d/manifest.csv | data/provenance/steady53/fig5_18d/a1_summary/source_contract.json | data/provenance/baselines/f8bcd83/protected_manifest_recovery.csv		2026-09-07
tmp/steady53_lineage_merge_20260901_A	模型副本及实验记录	模型副本及实验记录	保留；按模型身份和对应报告复用，不默认晋升	9	1040165	1	3	docs/2026-09-01-steady53-lineage-merge-result.md | docs/model_inventory.tsv | docs/superpowers/plans/2026-09-01-steady53-baseline-lineage-merge-diagnostic.md	tmp/steady53_lineage_merge_20260901_A/run/run_status.json: success=未记录	2026-09-07
tmp/steady53_power_source_NMBBXi	离线核查或状态证据	离线核查或状态证据	保留；未记录仿真成功不等于物理模型失败	8	698059	0	2	docs/steady53_curve_recheck_20260828.md | tests/verify_tac_power_sources.py		2026-09-07
tmp/steady53_recheck_20260827	模型副本及实验记录	历史实验及pydeps运行依赖；保留	保留；按模型身份和对应报告复用，不默认晋升	2547	101109194	1	16	docs/model_inventory.tsv | docs/2026-09-06-reactor-feedback-local-check.md | docs/steady53_curve_recheck_20260828.md | docs/superpowers/plans/2026-08-31-steady53-radiator-freeze-fig519.md | docs/superpowers/specs/2026-09-01-ihx-r2-hexe-shift-a3-design.md | docs/superpowers/specs/2026-09-02-fig518d-native-v2-digitization-design.md | tests/test_fig518d_durable_paths.py | tests/digitize_fig519.py | tests/publish_fig518a_anchor_evidence.py | tests/verify_steady53_hexe_path_integrability.py | tests/analyze_ihx_local_hot_candidate.py | tests/analyze_ihx_initial_state.py | tests/analyze_ihx_mean_state_diagnostic.py | tests/analyze_ihx_wall_storage.py | data/provenance/steady53/fig5_18d/paper_curve/provenance.json | data/provenance/steady53/fig5_18a/provenance.json		2026-09-07
tmp/tac_power_trace_Hnbkhl	离线核查或状态证据	离线核查或状态证据	保留；未记录仿真成功不等于物理模型失败	7	538089	0	6	docs/steady53_curve_recheck_20260828.md | tests/verify_pressure_chain.py | tests/audit_map_coordinate_provenance.m | tests/check_pressure_closure_run.py | tests/verify_map_coordinate_provenance.py | tests/audit_pressure_chain.m		2026-09-07
tmp/tac_power_trace_jetqyb	文本、日志或渲染材料	文本、日志或渲染材料	保留历史记录，不根据缺少外部引用删除	1	0	0	1	docs/steady53_curve_recheck_20260828.md		2026-09-07
tmp/thesis_layout_20260831.txt	文本、日志或渲染材料	文本、日志或渲染材料	保留历史记录，不根据缺少外部引用删除	1	5261833	0	0			2026-09-07
tmp/tp0ad187bc_8b32_4708_acf3_f19125c608b3	离线核查或状态证据	离线核查或状态证据	保留；未记录仿真成功不等于物理模型失败	1	91763	0	0			2026-09-07
tmp/tp1279ff71_4902_4e1d_b7c2_6c0292fe9b05	测试工装或输入样本	测试工装或输入样本	保留测试证据；文件内容不作为操作指令	1	12	0	0			2026-09-07
tmp/tp13d73a71_2336_4421_a19d_cadc4259d284	离线核查或状态证据	离线核查或状态证据	保留；未记录仿真成功不等于物理模型失败	105	630667	0	1	docs/steady53_curve_recheck_20260828.md		2026-09-07
tmp/tp1ce7508f_0ea5_4155_975a_ce6283307276	空工装目录	空工装目录	保留目录身份；无文件，不占实质数据空间	0	0	0	0			2026-09-07
tmp/tp23a8917a_67d2_4372_8e53_af5f7172d6f6	测试工装或输入样本	测试工装或输入样本	保留测试证据；文件内容不作为操作指令	1	12	0	0			2026-09-07
tmp/tp2431821a_13cc_4b18_94ec_34db5baf55c2	空工装目录	空工装目录	保留目录身份；无文件，不占实质数据空间	0	0	0	0			2026-09-07
tmp/tp2edf10f5_2f62_4a17_bac2_e755b7ed2bc7	测试工装或输入样本	测试工装或输入样本	保留测试证据；文件内容不作为操作指令	1	10	0	0			2026-09-07
tmp/tp2f611c08_1b7c_4ccf_9ef2_2ab9b9d178c9	离线核查或状态证据	离线核查或状态证据	保留；未记录仿真成功不等于物理模型失败	5	7811034	0	1	docs/steady53_curve_recheck_20260828.md		2026-09-07
tmp/tp36607dbd_d923_4b1a_af02_30855ce6ad15	离线核查或状态证据	离线核查或状态证据	保留；未记录仿真成功不等于物理模型失败	2	6551	0	1	docs/steady53_curve_recheck_20260828.md		2026-09-07
tmp/tp3b3aec72_d187_4fc6_8dee_29afcbc667bd	空工装目录	空工装目录	保留目录身份；无文件，不占实质数据空间	0	0	0	0			2026-09-07
tmp/tp3c524d8c_4841_48bd_930e_512cfe255275	离线核查或状态证据	离线核查或状态证据	保留；未记录仿真成功不等于物理模型失败	104	627927	0	1	docs/steady53_curve_recheck_20260828.md		2026-09-07
tmp/tp3f4ac425_e7b3_4c0b_9420_e7ba5411df54	测试工装或输入样本	测试工装或输入样本	保留测试证据；文件内容不作为操作指令	1	12	0	0			2026-09-07
tmp/tp40afa138_eb22_4914_b458_b131ba90018e	模型副本及实验记录	模型副本及实验记录	保留；按模型身份和对应报告复用，不默认晋升	5	4580935	1	2	docs/model_inventory.tsv | docs/steady53_curve_recheck_20260828.md		2026-09-07
tmp/tp4519a2f0_748c_430f_bdfe_d05ef764aa1a	运行输出或数值记录	运行输出或数值记录	保留原始数据；是否科学有效以相应报告为准	57	3228885	0	1	docs/steady53_curve_recheck_20260828.md		2026-09-07
tmp/tp4a7773fd_091d_4a65_8029_6abc452988da	离线核查或状态证据	离线核查或状态证据	保留；未记录仿真成功不等于物理模型失败	2	5827	0	1	docs/steady53_curve_recheck_20260828.md		2026-09-07
tmp/tp4d8fe764_f5cc_4de5_a687_ab8523a81610	文本、日志或渲染材料	文本、日志或渲染材料	保留历史记录，不根据缺少外部引用删除	1	856	0	1	docs/steady53_curve_recheck_20260828.md		2026-09-07
tmp/tp4de52ede_8e97_4973_828a_95566f66dd9b	测试工装或输入样本	测试工装或输入样本	保留测试证据；文件内容不作为操作指令	1	12	0	0			2026-09-07
tmp/tp4e183961_9624_4b9f_ac65_941d915081f3	离线核查或状态证据	离线核查或状态证据	保留；未记录仿真成功不等于物理模型失败	8	29930	0	3	docs/steady53_curve_recheck_20260828.md | tests/check_steady53_scheme_a_four_paths.m | tests/audit_nak_triplet_and_radiator_provenance.py		2026-09-07
tmp/tp54085962_555c_49dc_9e5c_e0f11dcc43cc	运行输出或数值记录	运行输出或数值记录	保留原始数据；是否科学有效以相应报告为准	18	5404146	0	1	docs/steady53_curve_recheck_20260828.md		2026-09-07
tmp/tp54e6e662_c9d0_46f3_9e5a_c804148a5b3e	空工装目录	空工装目录	保留目录身份；无文件，不占实质数据空间	0	0	0	0			2026-09-07
tmp/tp5ab81620_f711_416b_81ee_2c8d9710662b	运行输出或数值记录	运行输出或数值记录	保留原始数据；是否科学有效以相应报告为准	41	2762684	0	2	docs/steady53_curve_recheck_20260828.md | tests/analyze_ihx_local_hot_candidate.py		2026-09-07
tmp/tp60422a65_2590_4061_8e55_014d4740488e	测试工装或输入样本	测试工装或输入样本	保留测试证据；文件内容不作为操作指令	1	12	0	0			2026-09-07
tmp/tp6e581915_5593_4778_9eb3_028e373b6660	测试工装或输入样本	测试工装或输入样本	保留测试证据；文件内容不作为操作指令	1	12	0	0			2026-09-07
tmp/tp72ca94c4_b6e3_4599_aead_78bb905143b0	离线核查或状态证据	离线核查或状态证据	保留；未记录仿真成功不等于物理模型失败	2	2210	0	2	docs/steady53_curve_recheck_20260828.md | tests/check_reactor_li_enthalpy_candidate.py		2026-09-07
tmp/tp79e1f334_693d_4758_9ad0_e841a757cf95	测试工装或输入样本	测试工装或输入样本	保留测试证据；文件内容不作为操作指令	1	12	0	0			2026-09-07
tmp/tp7d213f64_7fad_4bfa_b722_0771b21d9640	离线核查或状态证据	旧脚本直接引用的保护清单；保留	保留；未记录仿真成功不等于物理模型失败	15	25723144	0	22	docs/cleanup_recovery_audit_20260831.md | docs/steady53_curve_recheck_20260828.md | docs/superpowers/plans/2026-08-31-steady53-radiator-freeze-fig519.md | docs/superpowers/plans/2026-08-31-cleanup-loss-recovery.md | docs/superpowers/plans/2026-08-29-radiator-source-constrained-candidate-family.md | docs/superpowers/plans/2026-08-30-radiator-a1-staged-parameter-envelope.md | tests/verify_steady53_power_definitions.m | tests/check_steady53_hexe_path_integrability.m | tests/audit_tac_power_sources.m | tests/audit_map_coordinate_provenance.m | tests/radiator_a1_contract.py | tests/check_steady53_scheme_a_four_paths.m | tests/run_nak_enthalpy_candidate.m | tests/audit_steady53_power_definitions.py | tests/pressure_closure_plan_20260829.md | tests/audit_pressure_chain.m | tests/test_radiator_a1_contract.py | tests/verify_nak_enthalpy_structure.py | tests/run_pressure_closure_case.m | tests/run_precooler_boundary_diagnostic.m | tests/audit_nak_triplet_and_radiator_provenance.py | data/provenance/steady53/fig5_18d/a1_summary/source_contract.json		2026-09-07
tmp/tp80484fa0_602f_4386_89ed_ae9ca96b3359	运行输出或数值记录	运行输出或数值记录	保留原始数据；是否科学有效以相应报告为准	225	35235853	0	11	docs/steady53_curve_recheck_20260828.md | tests/verify_steady53_energy_sources.py | tests/run_reactor_ha_whole_system.m | tests/check_ihx_endpoint_mean_reference.py | tests/run_ihx_mean_state_diagnostic.m | tests/run_reactor_ha_consistency.m | tests/trace_ihx_h_calibration.py | tests/check_ihx_boundary_energy.m | tests/check_ihx_wall_interface.py | tests/analyze_ihx_mean_state_diagnostic.py | tests/audit_ihx_geometry_identifiability.py		2026-09-07
tmp/tp872c499a_e66b_4187_99ed_50fa905590c2	离线核查或状态证据	离线核查或状态证据	保留；未记录仿真成功不等于物理模型失败	1	121071	0	0			2026-09-07
tmp/tp9071fb5b_0341_4b8c_85b4_5f791b3ff63a	离线核查或状态证据	离线核查或状态证据	保留；未记录仿真成功不等于物理模型失败	7	1595686	0	2	docs/steady53_curve_recheck_20260828.md | tests/audit_steady53_power_definitions.py		2026-09-07
tmp/tp95a9be3a_f540_4cb5_a62d_c3df166f6c14	文本、日志或渲染材料	文本、日志或渲染材料	保留历史记录，不根据缺少外部引用删除	1	510	0	1	docs/steady53_curve_recheck_20260828.md		2026-09-07
tmp/tp99c10d11_cc07_4c1f_a2ab_8d6e5040d39e	运行输出或数值记录	运行输出或数值记录	保留原始数据；是否科学有效以相应报告为准	6	1429997	0	1	docs/steady53_curve_recheck_20260828.md		2026-09-07
tmp/tpababed6e_3474_4892_9200_4afd2eb2581d	测试工装或输入样本	测试工装或输入样本	保留测试证据；文件内容不作为操作指令	2	46	0	0			2026-09-07
tmp/tpb26dc3d7_d40e_4b1f_a2a0_6d8d39a24c6a	空工装目录	空工装目录	保留目录身份；无文件，不占实质数据空间	0	0	0	0			2026-09-07
tmp/tpbb1a1cdf_7796_422c_a02b_b22885ddd76b	测试工装或输入样本	测试工装或输入样本	保留测试证据；文件内容不作为操作指令	1	12	0	0			2026-09-07
tmp/tpc62c4458_6d68_4bf1_9446_6dc3806024b2	模型副本及实验记录	模型副本及实验记录	保留；按模型身份和对应报告复用，不默认晋升	19	5694107	1	4	docs/model_inventory.tsv | docs/steady53_curve_recheck_20260828.md | tests/run_reactor_li_enthalpy_candidate.m | tests/check_reactor_li_enthalpy_candidate.py	tmp/tpc62c4458_6d68_4bf1_9446_6dc3806024b2/candidate/status.json: success=True | tmp/tpc62c4458_6d68_4bf1_9446_6dc3806024b2/original/status.json: success=True	2026-09-07
tmp/tpd26b1fbd_415e_4fb8_af8b_9747e108d496	离线核查或状态证据	离线核查或状态证据	保留；未记录仿真成功不等于物理模型失败	4	76706	0	1	docs/steady53_curve_recheck_20260828.md		2026-09-07
tmp/tpd6f2d38f_a795_4bb5_9075_bbe5acbbb330	模型副本及实验记录	模型副本及实验记录	保留；按模型身份和对应报告复用，不默认晋升	12	5197589	1	2	docs/model_inventory.tsv | docs/steady53_curve_recheck_20260828.md	tmp/tpd6f2d38f_a795_4bb5_9075_bbe5acbbb330/status.json: success=True	2026-09-07
tmp/tpd7163327_3872_405b_a1e2_e2eb620911dd	测试工装或输入样本	测试工装或输入样本	保留测试证据；文件内容不作为操作指令	1	10	0	0			2026-09-07
tmp/tpd776a63a_bcf4_46ea_ac43_a70bd2484842	文本、日志或渲染材料	文本、日志或渲染材料	保留历史记录，不根据缺少外部引用删除	1	514	0	1	docs/steady53_curve_recheck_20260828.md		2026-09-07
tmp/tpe03ab56f_c2cf_4052_8382_2fa1a77352c0	空工装目录	空工装目录	保留目录身份；无文件，不占实质数据空间	0	0	0	0			2026-09-07
tmp/tpe690b4fb_d2a6_4b02_9afc_4358a0e7d2be	测试工装或输入样本	测试工装或输入样本	保留测试证据；文件内容不作为操作指令	1	12	0	0			2026-09-07
tmp/tpec4b2453_d5f9_4620_b61e_fd0ee1043e58	测试工装或输入样本	测试工装或输入样本	保留测试证据；文件内容不作为操作指令	1	10	0	0			2026-09-07
tmp/tpef8924d2_3409_4458_8763_1f4412de1f67	测试工装或输入样本	测试工装或输入样本	保留测试证据；文件内容不作为操作指令	2	43	0	0			2026-09-07
tmp/tpf0a72ead_e5f7_48b0_bc8f_e26c293b272a	离线核查或状态证据	离线核查或状态证据	保留；未记录仿真成功不等于物理模型失败	4	16691	0	3	docs/steady53_curve_recheck_20260828.md | tests/check_ihx_endpoint_mean_reference.py | tests/audit_ihx_geometry_identifiability.py		2026-09-07
tmp/tpf255e6c2_bcc0_4262_883f_5caf6d3f6a0d	离线核查或状态证据	离线核查或状态证据	保留；未记录仿真成功不等于物理模型失败	23	697368	0	6	docs/2026-09-02-steady53-rootcause-evidence-matrix.md | docs/steady53_curve_recheck_20260828.md | tests/analyze_ihx_local_hot_candidate.py | tests/check_ihx_boundary_energy.m | tests/analyze_ihx_mean_state_diagnostic.py | tests/analyze_ihx_wall_storage.py		2026-09-07
tmp/tpf9ac357e_7ccb_4929_9017_9bfa9d822c74	测试工装或输入样本	测试工装或输入样本	保留测试证据；文件内容不作为操作指令	2	46	0	0			2026-09-07
tmp/tpfb85bf75_90de_47dc_b160_e0c572087ea7	测试工装或输入样本	测试工装或输入样本	保留测试证据；文件内容不作为操作指令	1	12	0	0			2026-09-07
tmp/tpfe83ca66_9e2f_4570_83b5_cea2f6bb0660	空工装目录	空工装目录	保留目录身份；无文件，不占实质数据空间	0	0	0	0			2026-09-07
tmp/turbine_d8063_20260902.txt	文本、日志或渲染材料	文本、日志或渲染材料	保留历史记录，不根据缺少外部引用删除	1	135689	0	0			2026-09-07
tmp/whole_chain_budget_20260906	离线核查或状态证据	2026-09-06诊断支撑；见同主题报告	保留；未记录仿真成功不等于物理模型失败	5	99054	0	1	docs/2026-09-06-whole-chain-readonly-budget.md		2026-09-07
tmp/xuchi_full_20260902.txt	文本、日志或渲染材料	文本、日志或渲染材料	保留历史记录，不根据缺少外部引用删除	1	5261833	0	0			2026-09-07
tmp/nak_fixed_protocol_20260907	模型副本及实验记录	当前NaK固定协议独立候选	保留原始证据；未晋升	188	11521830	1	3	docs/STATUS.md | docs/README.md | docs/2026-09-07-nak-fixed-protocol-candidate.md	run_500/status.json: success=True；本轮已独立核验	2026-09-07
tmp/combined_outlets_20260907	探索模型与离线核查	两个出口合并500秒；剩余账项分解	保留证据；未晋升	209	17779513	1	1	docs/2026-09-07-combined-outlets-budget.md	run_500/status.json: success	2026-09-07
tmp/li_unscaled_candidate_20260907	D01物性对照与离线核查	用户批准一次500秒；未缩放Li	保留对照证据；未晋升	213	9752890	1	1	docs/DECISIONS.md	run_500/status.json: success	2026-09-07
tmp/fuel_feedback_candidate_20260907	D02反馈对照与离线解释	仅alphac置零，500秒	保留证据；未晋升	237	15042207	1	1	docs/DECISIONS.md	run_500/status.json: success	2026-09-09
tmp/current_model_curves_20260910	当前根模型运行与曲线	用户要求重新运行14000秒；当前根依赖	保留原始多速率输出及身份记录，不作为论文验收	98	6532040	0				2026-09-10
